plan_id
437957
461731
592031
751871
812284
826795
841750
841752
841753
841762
841777
841799
841861
841894
841948
841960
841961
841968
841971
841985
841992
843554
843555
843561
843562
847588
847589
847594
847605
847612
847614
847615
847697
869599
905079
960386
1064270
1103032
1103033
1103036
1177145
1216327
1278178
1289541
1341013
1425417
1485843
1667667
1689059
1710320
1759779
1760190
1760591
1761023
1771293
1771454
1771565
1771574
1771676
1771700
1780914
1783736
1783823
1784529
1802383
1803877
1804585
1804859
1805139
1805292
1805327
1805351
1806561
1806616
1806631
1811653
1811667
1821833
1822938
1823218
1823311
1823368
1823456
1825136
1825443
1825775
1830459
1830496
1832562
1832685
1832742
1833036
1833216
1837707
1838097
1838210
1838224
1838233
1838320
1839603
1839801
1839904
1842701
1843519
1843523
1843526
1843532
1851397
1858662
1871886
1871994
1872809
1873420
1883561
1883578
1883630
1883650
1884063
1884174
1884784
1885112
1887677
1887765
1887923
1891405
1894881
1894916
1894968
1895005
1895020
1895137
1895219
1895316
1895363
1895370
1895708
1896228
1898903
1898954
1898975
1899027
1899975
1900194
1901358
1901727
1901968
1901981
1902149
1902411
1902430
1902440
1902461
1906258
1906262
1907494
1907931
1908277
1908492
1908622
1908806
1908808
1908924
1909124
1909264
1913394
1913990
1916904
1917983
1935961
1935989
1936043
1936066
1942451
1942482
1942566
1943547
1943788
1944519
1957275
1957357
1959585
1959807
1964882
1972785
1972804
1978132
1979218
1979567
1982875
1984182
2021234
2021266
2021273
2021283
2021398
2021419
2021770
2031483
2035211
2035244
2035254
2035837
2036166
2036625
2037035
2037071
2037837
2037877
2037901
2037934
2044874
2047180
2047241
2048471
2048564
2048900
2049009
2049033
2050179
2052535
2052536
2052595
2055906
2056522
2060525
2060528
2060529
2062127
2062128
2064189
2064278
2064775
2066084
2066090
2067121
2073139
2073373
2074837
2076461
2076483
2076485
2076634
2076892
2076921
2077856
2080648
2080697
2081663
2081691
2081696
2081699
2081737
2081829
2081833
2081838
2081840
2082450
2082475
2082522
2082655
2082808
2082953
2083118
2083163
2083200
2083239
2083244
2083262
2083294
2083302
2083357
2083359
2083390
2083456
2083506
2083558
2083582
2083590
2083593
2083608
2083638
2083708
2084217
2084258
2084278
2084304
2084355
2084380
2084386
2084521
2084549
2084558
2084618
2084632
2085431
2086420
2086808
2086814
2087897
2088233
2088273
2088342
2088376
2089720
2089952
2089978
2090384
2090465
2090986
2092362
2092573
2092603
2094228
2094240
2094249
2094995
2095015
2095021
2095026
2095054
2095055
2095094
2095100
2095108
2095129
2095148
2095153
2095201
2095377
2097355
2097590
2097592
2097593
2097598
2097601
2097602
2097603
2097604
2097605
2097613
2097617
2097618
2097686
2098609
2099297
2102018
2102117
2102134
2103122
2103203
2103208
2103213
2103248
2103259
2103474
2103475
2103478
2103645
2103646
2103770
2103771
2103796
2103798
2103800
2103802
2103815
2103825
2103829
2103830
2103835
2103836
2103839
2103844
2103845
2103846
2103986
2104095
2104431
2104528
2104661
2104662
2104663
2104665
2104666
2104669
2104670
2104671
2104673
2104674
2104675
2104677
2104678
2105089
2106281
2106372
2106413
2106438
2106462
2106500
2106568
2106582
2106785
2106878
2106939
2106964
2106970
2107980
2108172
2108213
2108229
2108233
2108330
2108343
2108349
2108484
2108644
2109208
2109360
2110660
2110685
2110706
2110738
2110761
2111989
2111991
2112075
2112080
2112187
2112217
2112286
2112336
2112873
2112881
2112900
2113046
2113136
2113331
2113355
2113501
2113504
2113505
2113511
2113657
2114254
2114373
2114442
2114616
2114655
2115065
2115154
2115613
2115746
2115793
2115796
2116099
2116109
2116141
2116308
2116469
2116479
2116552
2116577
2116717
2116748
2117854
2118166
2120558
2120575
2120603
2120621
2120631
2120644
2120655
2120659
2121207
2121422
2121426
2121427
2121428
2121432
2121433
2121435
2121442
2121498
2121499
2121504
2121683
2121684
2121685
2121687
2121688
2121689
2121928
2121929
2121932
2121933
2121937
2122162
2122201
2122213
2122240
2122268
2122288
2122321
2122328
2122336
2122353
2122577
2122745
2123301
2123324
2123358
2123366
2123453
2123739
2123952
2123955
2124137
2124647
2125186
2125717
2127098
2127696
2130624
2132430
2132460
2132470
2132476
2132492
2132499
2132512
2132521
2133644
2133646
2133648
2133690
2133934
2133936
2133957
2133965
2133969
2133997
2134007
2134014
2134017
2134032
2134035
2134041
2134047
2134160
2134284
2135348
2135349
2135352
2135887
2135952
2135958
2135959
2135980
2136175
2136341
2136355
2136356
2136469
2136548
2136608
2136616
2136619
2136665
2136681
2136913
2136915
2136921
2136968
2136982
2137016
2137265
2137273
2137292
2137441
2137474
2137477
2137499
2137972
2138088
2138250
2138504
2138700
2138799
2139096
2139149
2139158
2139162
2139165
2139245
2139253
2139263
2139266
2139365
2139418
2139464
2139508
2139969
2139974
2140050
2140225
2140529
2140561
2141318
2141333
2141335
2141403
2141595
2144277
2144503
2144509
2144732
2144795
2144998
2145066
2145071
2145098
2145102
2145229
2145256
2145257
2145258
2145443
2145468
2145469
2145470
2145471
2145473
2145474
2145475
2145476
2145477
2145478
2145479
2145480
2145483
2145484
2145485
2145498
2145605
2145653
2145677
2147298
2147475
2147570
2147845
2147856
2148079
2148085
2148095
2148098
2148104
2148118
2148122
2148125
2148235
2148261
2148293
2148330
2148356
2148381
2148389
2148396
2148405
2148407
2148411
2148412
2148419
2148433
2148439
2148441
2148455
2148464
2148471
2148477
2148502
2148506
2148518
2148529
2148534
2148540
2148557
2148561
2148570
2148578
2148582
2148603
2148609
2148631
2148635
2148638
2148639
2148643
2148652
2148663
2148677
2148699
2148760
2148779
2148798
2148953
2149304
2149692
2149814
2149841
2149857
2149927
2149956
2149993
2150001
2150005
2150018
2150052
2150214
2150218
2150262
2150276
2150320
2150342
2150397
2150414
2150420
2150436
2150471
2150481
2150513
2150539
2150595
2150603
2150604
2150616
2150643
2150649
2150706
2150712
2150758
2150768
2150791
2150800
2150807
2150819
2150820
2150890
2150949
2150951
2150969
2151157
2151271
2151328
2151345
2151357
2151370
2151374
2151702
2151772
2151792
2151800
2151867
2151868
2151869
2151905
2151935
2152065
2152070
2152124
2152181
2152353
2152443
2152499
2152548
2152614
2152649
2152650
2152651
2152670
2152702
2154363
2155593
2156025
2156053
2156121
2156807
2156841
2156871
2156914
2157115
2157612
2157692
2159017
2159074
2160076
2160272
2160305
2160342
2160353
2160367
2160376
2160383
2160409
2160415
2160461
2160573
2160589
2160600
2161607
2161608
2164009
2164010
2166035
2166053
2166075
2166913
2167012
2167036
2167039
2167080
2167082
2167228
2167230
2167616
2167658
2167704
2168006
2168189
2168314
2168317
2168353
2168363
2168367
2168369
2168381
2168385
2168526
2168820
2168821
2168822
2168823
2168824
2168877
2168945
2168969
2168986
2168988
2168990
2168991
2169014
2169016
2169018
2169022
2169023
2169031
2169033
2169034
2169047
2169048
2169050
2169061
2169063
2169064
2169065
2169067
2169306
2169391
2169417
2169423
2169459
2169683
2169782
2169786
2169788
2169789
2169797
2169804
2169806
2169870
2169969
2170203
2170250
2170260
2170336
2170412
2170464
2170479
2170492
2170643
2170672
2170714
2170722
2170812
2170997
2171116
2171117
2171118
2171119
2171120
2171121
2171122
2171123
2171180
2171251
2171386
2171591
2171632
2171804
2171943
2172162
2172805
2172806
2172808
2172831
2173068
2173069
2173070
2173071
2173081
2173092
2173101
2173461
2173792
2173839
2173877
2173879
2174357
2174399
2174472
2174506
2174535
2174593
2174594
2174617
2174659
2174662
2174688
2174699
2174702
2174713
2174732
2174749
2174762
2174763
2174854
2174877
2174990
2174992
2175020
2176064
2176159
2176261
2176319
2176323
2176324
2176325
2176326
2176411
2176458
2176479
2176494
2176518
2176519
2176552
2176645
2176652
2176676
2176698
2176701
2176703
2176715
2176718
2176882
2176886
2176890
2176894
2176901
2176902
2176909
2176912
2177009
2177192
2177229
2177301
2177302
2177337
2177464
2177467
2177470
2177483
2177741
2178065
2178182
2178327
2178352
2178353
2178354
2178355
2178356
2178357
2178358
2178359
2178361
2178362
2178363
2178364
2178365
2178366
2178367
2178368
2178369
2178373
2178426
2178427
2178513
2178601
2178652
2178751
2178756
2178757
2178821
2178869
2178873
2178888
2178889
2178890
2178891
2178892
2178898
2178902
2178907
2178911
2179048
2179063
2179132
2179216
2179220
2179223
2179435
2179500
2179661
2179736
2179882
2179883
2179886
2179892
2179897
2179901
2179904
2180029
2180034
2180105
2180109
2180112
2180128
2180148
2180199
2180202
2180301
2180306
2180386
2180399
2180401
2180455
2180514
2180518
2180616
2181273
2181411
2181430
2181490
2181629
2181630
2182033
2182854
2183021
2183058
2183076
2183101
2183133
2183150
2183194
2185024
2185028
2185033
2185034
2185054
2185064
2185065
2185068
2185069
2185070
2185073
2185088
2185095
2185108
2185152
2185153
2185163
2185225
2185502
2185524
2185579
2185580
2186045
2186060
2186139
2186214
2186215
2186221
2186274
2186306
2186343
2186363
2186389
2186426
2186499
2186694
2186806
2186921
2186938
2186947
2187126
2187216
2187557
2187658
2187995
2188090
2188106
2188404
2188443
2188701
2189689
2189777
2190181
2190183
2190185
2190190
2190192
2190194
2190197
2190198
2190573
2190575
2191374
2192875
2192980
2193046
2200999
2201013
2201040
2201284
