plan_id
166291
437957
461731
592031
705209
719566
0
0
0
0
0
751871
767757
0
0
812284
815540
826795
841750
841752
841753
841762
841777
841799
841861
841894
841948
841960
841961
841968
841971
841985
841992
843554
843555
843561
843562
846161
847588
847589
847594
847605
847612
847614
847615
847697
858687
866474
869599
886841
905079
908622
960386
988391
996549
996552
1003704
1010647
1010652
1011637
1012127
1016206
1026523
1037665
1058925
1064270
1072529
1078534
1079264
1080540
0
1084827
1092566
1095327
1103032
1103033
1103036
1160417
1177145
0
1201223
1216327
1219684
1278178
1288451
1289541
1322358
1327233
1341013
1358631
1376956
1230646
1230738
1424885
1425417
1459047
1481782
1485843
1515117
1520531
1531531
1531595
1531667
1556442
1583562
1595682
1596889
1600961
1667667
1689059
1710304
1710319
1710320
1710323
1710324
1710325
1710326
1710327
1710328
1710329
1710330
1716080
1759779
1760190
1760591
1761023
1771293
1771454
1771565
1771574
1771676
1771700
1780914
1783736
1783823
1784529
1801001
1802383
1803877
1804585
1804859
1805139
1805292
1805327
1805351
1806561
1806616
1806631
1811653
1811667
1821833
1822938
1823218
1823311
1823368
1823445
1823453
1823455
1823456
1823462
1823463
1823464
1823465
1825136
1825443
1825775
1830459
1830496
1832562
1832685
1832742
1833036
1833216
1837707
1838097
1838210
1838224
1838233
1838320
1839603
1839801
1839904
1842701
1843519
1843523
1843526
1843532
1843587
1849386
1851397
1858662
1871886
1871994
1872809
1873420
1882742
1882838
1883561
1883578
1883630
1883650
1884063
1884174
1884784
1885112
1887237
1887259
1887677
1887765
1887923
1891405
1894881
1894916
1894968
1895005
1895020
1895137
1895219
1895316
1895363
1895370
1895708
1896228
1896257
1898903
1898954
1898975
1899027
1899975
1900194
1901358
1901727
1901968
1901981
1902149
1902411
1902430
1902440
1902461
1905558
1906258
1906262
1907494
1907931
1908277
1908492
1908622
1908806
1908808
1908924
1909124
1909264
1909499
1911994
1913394
1913990
1914868
1916904
1917983
1920221
1935961
1935989
1936043
1936066
1942451
1942482
1942566
1943547
1943788
1944519
1957275
1957357
1959585
1959807
1964882
1972785
1972804
1978007
1978132
1979218
1979567
1980269
1982875
1984182
1992097
1993087
2020413
2021234
2021266
2021273
2021283
2021398
2021419
2021770
2031483
2035211
2035244
2035254
2035837
2036166
2036625
2037035
2037071
2037837
2037877
2037901
2037934
2041546
2042319
2042689
2044874
2045695
2047180
2047241
2048471
2048564
2048900
2049009
2049033
2050153
2050163
2050172
2050176
2050179
2050874
2052516
2052535
2052536
2052571
2052595
2052614
2055906
2056522
2060525
2060528
2060529
2061010
2062127
2062128
2063802
2063973
2064177
2064186
2064189
2064278
2064775
2066084
2066090
2067121
2067993
2072101
2073139
2073373
2074837
2076461
2076483
2076485
2076634
2076892
2076921
2077010
2077856
2078635
2079085
2079478
2080648
2080649
2080680
2080686
2080697
2080700
2080849
2081663
2081691
2081696
2081699
2081737
2081829
2081833
2081838
2081840
2082450
2082475
2082502
2082506
2082522
2082655
2082808
2082953
2083118
2083163
2083200
2083239
2083244
2083262
2083294
2083302
2083357
2083359
2083390
2083456
2083506
2083558
2083582
2083590
2083593
2083608
2083638
2083708
2084217
2084258
2084278
2084304
2084355
2084380
2084386
2084521
2084549
2084558
2084618
2084632
2085431
2086420
2086808
2086814
2087897
2088233
2088273
2088342
2088376
2089720
2089952
2089978
2090384
2090465
2090986
2092353
2092362
2092547
2092573
2092603
2092990
2094228
2094240
2094249
2094995
2095015
2095021
2095026
2095054
2095055
2095094
2095100
2095108
2095129
2095148
2095153
2095201
2095377
2095399
2095442
2095459
2095583
2095600
2097355
2097590
2097592
2097593
2097598
2097601
2097602
2097603
2097604
2097605
2097613
2097617
2097618
2097686
2098609
2099297
2102018
2102117
2102134
2103122
2103203
2103208
2103213
2103248
2103259
2103474
2103475
2103478
2103645
2103646
2103770
2103771
2103796
2103798
2103800
2103802
2103815
2103825
2103829
2103830
2103835
2103836
2103839
2103844
2103845
2103846
2103986
2104095
2104431
2104528
2104661
2104662
2104663
2104665
2104666
2104669
2104670
2104671
2104673
2104674
2104675
2104677
2104678
2105071
2105073
2105089
2105186
2105194
2105200
2105468
2106281
2106372
2106413
2106438
2106462
2106500
2106568
2106582
2106785
2106878
2106939
2106964
2106970
2107980
2108172
2108213
2108229
2108233
2108330
2108343
2108349
2108484
2108644
2109208
2109360
2110660
2110661
2110685
2110706
2110738
2110742
2110761
2111463
2111989
2111991
2112075
2112080
2112187
2112217
2112286
2112336
2112458
2112873
2112881
2112885
2112900
2112918
2113033
2113046
2113098
2113124
2113136
2113331
2113355
2113501
2113504
2113505
2113511
2113657
2114046
2114254
2114373
2114442
2114469
2114616
2114655
2115065
2115154
2115613
2115746
2115793
2115796
2116099
2116109
2116130
2116141
2116308
2116469
2116479
2116526
2116552
2116577
2116651
2116717
2116748
2117026
1000002494
2117419
2117854
2118166
2120019
2120114
2120234
2120558
2120575
2120603
2120621
2120631
2120644
2120655
2120659
2120730
2121207
2121422
2121426
2121427
2121428
2121432
2121433
2121435
2121442
2121449
2121482
2121498
2121499
2121504
2121683
2121684
2121685
2121687
2121688
2121689
2121928
2121929
2121932
2121933
2121937
2122162
2122201
2122213
2122240
2122268
2122288
2122321
2122328
2122336
2122353
2122577
2122745
2123301
2123324
2123358
2123366
2123453
2123739
2123948
2123952
2123955
2123959
2123961
2123962
2124137
2124161
2124477
2124519
2124647
2124690
2124730
2124734
2124755
2125017
2125134
2125186
2125717
2126041
2126045
2126059
2127098
2127696
2130275
2130413
2130560
2130624
2131358
2131367
2131374
2132430
2132460
2132470
2132476
2132492
2132499
2132512
2132521
2133644
2133646
2133648
2133690
2133934
2133936
2133957
2133965
2133969
2133997
2134007
2134014
2134017
2134032
2134035
2134041
2134047
2134160
2134284
2135348
2135349
2135352
2135887
2135952
2135958
2135959
2135980
2136031
2136038
2136175
2136183
2136188
2136341
2136355
2136356
2136399
2136414
2136418
2136426
2136469
2136548
2136594
2136608
2136616
2136619
2136623
2136665
2136681
2136913
2136915
2136921
2136922
2136928
2136968
2136971
2136982
2137016
2137093
2137265
2137273
2137292
2137441
2137474
2137477
2137499
2137972
2138088
2138250
2138504
2138700
2138799
2139096
2139149
2139158
2139162
2139165
2139245
2139253
2139263
2139266
2139365
2139418
2139447
2139464
2139508
2139686
2139715
2139969
2139974
2140050
2140225
2140529
2140561
2141042
2141048
2141051
2141235
2141239
2141241
2141243
2141244
2141305
2141318
2141333
2141335
2141403
2141595
2142240
2144277
2144503
2144509
2144732
2144795
2144998
2145066
2145071
2145098
2145102
2145152
2145229
2145256
2145257
2145258
2145389
2145414
2145415
2145416
2145423
2145440
2145443
2145468
2145469
2145470
2145471
2145473
2145474
2145475
2145476
2145477
2145478
2145479
2145480
2145483
2145484
2145485
2145493
2145498
2145605
2145653
2145677
2147282
2147298
2147319
2147426
2147448
2147475
2147565
2147570
2147585
2147588
2147599
2147636
2147659
2147823
2147836
2147845
2147856
2148079
2148085
2148095
2148098
2148104
2148118
2148122
2148125
2148235
2148261
2148293
2148330
2148356
2148381
2148389
2148396
2148405
2148407
2148411
2148412
2148419
2148433
2148439
2148441
2148455
2148464
2148471
2148477
2148502
2148506
2148518
2148529
2148534
2148540
2148557
2148561
2148570
2148578
2148582
2148603
2148609
2148631
2148635
2148638
2148639
2148643
2148652
2148663
2148677
2148699
2148760
2148779
2148798
2148953
2149304
2149309
2149682
2149692
2149708
2149814
2149841
2149857
2149927
2149956
2149993
2150001
2150005
2150018
2150052
2150214
2150218
2150262
2150276
2150320
2150342
2150397
2150414
2150420
2150436
2150471
2150481
2150513
2150539
2150595
2150603
2150604
2150616
2150643
2150649
2150706
2150712
2150758
2150768
2150791
2150800
2150807
2150819
2150820
2150889
2150890
2150891
2150933
2150934
2150949
2150951
2150969
2151157
0
2151271
2151328
2151345
2151357
2151370
2151374
2151702
